tau:0.01 T_avg:5.640848476737525e+16	P_avg:7.555415020964721e+20	H_avg:4.430299633727259e+16
tau:0.001 T_avg:603.7946946077208	P_avg:154317.399739958	H_avg:197.55384351567193
tau:0.0001 T_avg:803.9886359054049	P_avg:239046.45701495284	H_avg:268.9254890961142
tau:0.001 T_avg:826.1864264030988	P_avg:333729.205736385	H_avg:279.8187042482975
